NUM_OF_TRIANGLES 8

// Geometry format = position (x y z), texture (u v)

//bottom
//2, 3, 4
-0.2, -0.75, +0.5,	0.0, 1.0
-0.5, -0.75, +0.2,	1.0, 0.0
-0.5, -0.75, -0.2,	1.0, 1.0
			   
//4, 5, 6	   
-0.5, -0.75, -0.2,	0.0, 1.0
-0.2, -0.75, -0.5,	1.0, 0.0
+0.2, -0.75, -0.5,	1.0, 1.0
			   
//6, 7, 8	   
+0.2, -0.75, -0.5,	0.0, 1.0
+0.5, -0.75, -0.2,	1.0, 0.0
+0.5, -0.75, +0.2,	1.0, 1.0
			   
//8, 1, 2	   
+0.5, -0.75, +0.2,	0.0, 1.0
+0.2, -0.75, +0.5,	1.0, 0.0
-0.2, -0.75, +0.5,	1.0, 1.0
			   
			   
//8, 2, 4	   
+0.5, -0.75, +0.2,	0.0, 1.0
-0.2, -0.75, +0.5,	1.0, 1.0
-0.5, -0.75, -0.2,	1.0, 0.0
			   
//4, 6, 8	   
-0.5, -0.75, -0.2,	0.0, 1.0
+0.2, -0.75, -0.5,	1.0, 1.0
+0.5, -0.75, +0.2,	1.0, 0.0


//face 1 - 8, starting front, moving clockwise
//face1 (front)
//1 3 4
-0.2, +0.25, +0.5,	0.0, 1.0
-0.2, -0.75, +0.5,	1.0, 1.0
+0.2, -0.75, +0.5,	1.0, 0.0

//4 2 1
+0.2, -0.75, +0.5,	1.0, 0.0
+0.2, +0.25, +0.5,	0.0, 1.0
-0.2, +0.25, +0.5,	0.0, 1.0

//face2


//face3


//face4


//face5


//face6


//face7


//face8